50 2017
100 7426
150 17017
200 30843
250 48707
300 67098
350 91581
400 119864
450 147859
500 177430
550 232654
600 254896
650 326552
700 372738
750 423297
800 449564
850 535697
900 574202
950 648797
1000 720559
1050 804529
1100 882984
1150 941940
1200 1045385
1250 1114010
1300 1194934
1350 1282684
1400 1370813
1450 1459369
1500 1588533
1550 1705407
1600 1761292
1650 2019992
1700 1985670
1750 2194069
1800 2289432
1850 2406899
1900 2690086
1950 2736548
2000 2888527
2050 3005697
2100 3110295
2150 3291993
2200 3524050
2250 3381522
2300 3699280
2350 3638661
2400 4045608
2450 4313307
2500 4222579
2550 4360904
2600 4816266
2650 4794960
2700 5160853
2750 5198763
2800 5407931
2850 5475836
2900 5654938
2950 5659253
3000 6099042
