50 1926.02
100 7601.01
150 17026
200 30201
250 47126
300 67801
350 92226
400 120401
450 152326
500 188001
550 227426
600 270601
650 317526
700 368201
750 422626
800 480801
850 542726
900 608401
950 677826
1000 751001
1050 827926
1100 908601
1150 993026
1200 1.0812e+06
1250 1.17313e+06
1300 1.2688e+06
1350 1.36823e+06
1400 1.4714e+06
1450 1.57833e+06
1500 1.689e+06
1550 1.80343e+06
1600 1.9216e+06
1650 2.04353e+06
1700 2.1692e+06
1750 2.29863e+06
1800 2.4318e+06
1850 2.56873e+06
1900 2.7094e+06
1950 2.85383e+06
2000 3.002e+06
2050 3.15393e+06
2100 3.3096e+06
2150 3.46903e+06
2200 3.6322e+06
2250 3.79913e+06
2300 3.9698e+06
2350 4.14423e+06
2400 4.3224e+06
2450 4.50433e+06
2500 4.69e+06
2550 4.87943e+06
2600 5.0726e+06
2650 5.26953e+06
2700 5.4702e+06
2750 5.67463e+06
2800 5.8828e+06
2850 6.09473e+06
2900 6.3104e+06
2950 6.52983e+06
3000 6.753e+06
